1.502682801043732086e-01 1.502682801043732086e-01 1.502682801043732086e-01
1.503026544216823357e-01 1.503026544216823357e-01 1.503026544216823357e-01
1.503414311870704401e-01 1.503414311870704401e-01 1.503414311870704401e-01
1.503851737259620513e-01 1.503851737259620513e-01 1.503851737259620513e-01
1.504345173056351737e-01 1.504345173056351737e-01 1.504345173056351737e-01
1.504901782847610225e-01 1.504901782847610225e-01 1.504901782847610225e-01
1.505529644161850422e-01 1.505529644161850422e-01 1.505529644161850422e-01
1.506237864454705866e-01 1.506237864454705866e-01 1.506237864454705866e-01
1.507036711645548532e-01 1.507036711645548532e-01 1.507036711645548532e-01
1.507937760984704445e-01 1.507937760984704445e-01 1.507937760984704445e-01
1.508954060235829231e-01 1.508954060235829231e-01 1.508954060235829231e-01
1.510100315382945646e-01 1.510100315382945646e-01 1.510100315382945646e-01
1.511393099317637767e-01 1.511393099317637767e-01 1.511393099317637767e-01
1.512851086229434761e-01 1.512851086229434761e-01 1.512851086229434761e-01
1.514495314711643004e-01 1.514495314711643004e-01 1.514495314711643004e-01
1.516349482905283153e-01 1.516349482905283153e-01 1.516349482905283153e-01
1.518440279333825305e-01 1.518440279333825305e-01 1.518440279333825305e-01
1.520797753428457244e-01 1.520797753428457244e-01 1.520797753428457244e-01
1.523455730103178141e-01 1.523455730103178141e-01 1.523455730103178141e-01
1.526452273104538793e-01 1.526452273104538793e-01 1.526452273104538793e-01
1.529830202222809410e-01 1.529830202222809410e-01 1.529830202222809410e-01
1.533637669796541481e-01 1.533637669796541481e-01 1.533637669796541481e-01
1.537928802252914728e-01 1.537928802252914728e-01 1.537928802252914728e-01
1.542764412677906649e-01 1.542764412677906649e-01 1.542764412677906649e-01
1.548212790571603659e-01 1.548212790571603659e-01 1.548212790571603659e-01
1.554350574973804577e-01 1.554350574973804577e-01 1.554350574973804577e-01
1.561263716990859418e-01 1.561263716990859418e-01 1.561263716990859418e-01
1.569048537349448380e-01 1.569048537349448380e-01 1.569048537349448380e-01
1.577812883862828586e-01 1.577812883862828586e-01 1.577812883862828586e-01
1.587677392515542962e-01 1.587677392515542962e-01 1.587677392515542962e-01
1.598776854125492086e-01 1.598776854125492086e-01 1.598776854125492086e-01
1.611261686072151811e-01 1.611261686072151811e-01 1.611261686072151811e-01
1.625299505200574202e-01 1.625299505200574202e-01 1.625299505200574202e-01
1.641076793503746245e-01 1.641076793503746245e-01 1.641076793503746245e-01
1.658800642298507988e-01 1.658800642298507988e-01 1.658800642298507988e-01
1.678700553058263267e-01 1.678700553058263267e-01 1.678700553058263267e-01
1.701030263539426990e-01 1.701030263539426990e-01 1.701030263539426990e-01
1.726069556015079609e-01 1.726069556015079609e-01 1.726069556015079609e-01
1.754125989994116397e-01 1.754125989994116397e-01 1.754125989994116397e-01
1.785536484485030773e-01 1.785536484485030773e-01 1.785536484485030773e-01
1.820668654480182003e-01 1.820668654480182003e-01 1.820668654480182003e-01
1.859921782871635232e-01 1.859921782871635232e-01 1.859921782871635232e-01
1.903727282703676638e-01 1.903727282703676638e-01 1.903727282703676638e-01
1.952548476140361089e-01 1.952548476140361089e-01 1.952548476140361089e-01
2.006879486929312728e-01 2.006879486929312728e-01 2.006879486929312728e-01
2.067243014328720707e-01 2.067243014328720707e-01 2.067243014328720707e-01
2.134186731171611173e-01 2.134186731171611173e-01 2.134186731171611173e-01
2.208278030762125255e-01 2.208278030762125255e-01 2.208278030762125255e-01
2.290096841591164334e-01 2.290096841591164334e-01 2.290096841591164334e-01
2.380226241546860577e-01 2.380226241546860577e-01 2.380226241546860577e-01
2.479240641472987838e-01 2.479240641472987838e-01 2.479240641472987838e-01
2.587691379179086204e-01 2.587691379179086204e-01 2.587691379179086204e-01
2.706089676540675559e-01 2.706089676540675559e-01 2.706089676540675559e-01
2.834887069671037652e-01 2.834887069671037652e-01 2.834887069671037652e-01
2.974453627365122310e-01 2.974453627365122310e-01 2.974453627365122310e-01
3.125054522601133922e-01 3.125054522601133922e-01 3.125054522601133922e-01
3.286825804554455166e-01 3.286825804554455166e-01 3.286825804554455166e-01
3.459750513488445978e-01 3.459750513488445978e-01 3.459750513488445978e-01
3.643636556912800972e-01 3.643636556912800972e-01 3.643636556912800972e-01
3.838097982255127549e-01 3.838097982255127549e-01 3.838097982255127549e-01
4.042541393150510531e-01 4.042541393150510531e-01 4.042541393150510531e-01
4.256159218380312637e-01 4.256159218380312637e-01 4.256159218380312637e-01
4.477931319259262910e-01 4.477931319259262910e-01 4.477931319259262910e-01
4.706635997259319137e-01 4.706635997259319137e-01 4.706635997259319137e-01
4.940870851604068359e-01 4.940870851604068359e-01 4.940870851604068359e-01
5.179083182421625464e-01 5.179083182421625464e-01 5.179083182421625464e-01
5.419608816480154800e-01 5.419608816480154800e-01 5.419608816480154800e-01
5.660717449822478819e-01 5.660717449822478819e-01 5.660717449822478819e-01
5.900661961661848309e-01 5.900661961661848309e-01 5.900661961661848309e-01
6.137728750414092049e-01 6.137728750414092049e-01 6.137728750414092049e-01
6.370286037310385341e-01 6.370286037310385341e-01 6.370286037310385341e-01
6.596827292045814861e-01 6.596827292045814861e-01 6.596827292045814861e-01
6.816007426003078962e-01 6.816007426003078962e-01 6.816007426003078962e-01
7.026670097613553212e-01 7.026670097613553212e-01 7.026670097613553212e-01
7.227865281016486732e-01 7.227865281016486732e-01 7.227865281016486732e-01
7.418857056564994723e-01 7.418857056564994723e-01 7.418857056564994723e-01
7.599122295686759898e-01 7.599122295686759898e-01 7.599122295686759898e-01
7.768341465406988222e-01 7.768341465406988222e-01 7.768341465406988222e-01
7.926383134791025187e-01 7.926383134791025187e-01 7.926383134791025187e-01
8.073283924170779891e-01 8.073283924170779891e-01 8.073283924170779891e-01
8.209225621520273020e-01 8.209225621520273020e-01 8.209225621520273020e-01
8.334511038289034168e-01 8.334511038289034168e-01 8.334511038289034168e-01
8.449539935499735810e-01 8.449539935499735810e-01 8.449539935499735810e-01
8.554786064523673961e-01 8.554786064523673961e-01 8.554786064523673961e-01
8.650776073165448166e-01 8.650776073165448166e-01 8.650776073165448166e-01
8.738070754231614945e-01 8.738070754231614945e-01 8.738070754231614945e-01
8.817248878135248713e-01 8.817248878135248713e-01 8.817248878135248713e-01
8.888893661759382780e-01 8.888893661759382780e-01 8.888893661759382780e-01
8.953581784170187019e-01 8.953581784170187019e-01 8.953581784170187019e-01
9.011874762393494720e-01 9.011874762393494720e-01 9.011874762393494720e-01
9.064312441084045879e-01 9.064312441084045879e-01 9.064312441084045879e-01
9.111408321067833160e-01 9.111408321067833160e-01 9.111408321067833160e-01
9.153646445928658171e-01 9.153646445928658171e-01 9.153646445928658171e-01
9.191479576232719495e-01 9.191479576232719495e-01 9.191479576232719495e-01
9.225328401894169472e-01 9.225328401894169472e-01 9.225328401894169472e-01
9.255581570017488158e-01 9.255581570017488158e-01 9.255581570017488158e-01
9.282596334884650746e-01 9.282596334884650746e-01 9.282596334884650746e-01
9.306699666162774331e-01 9.306699666162774331e-01 9.306699666162774331e-01
9.328189679292795411e-01 9.328189679292795411e-01 9.328189679292795411e-01
9.347337277425915580e-01 9.347337277425915580e-01 9.347337277425915580e-01
9.364387916723890815e-01 9.364387916723890815e-01 9.364387916723890815e-01
9.379563426189519992e-01 9.379563426189519992e-01 9.379563426189519992e-01
9.393063829525654107e-01 9.393063829525654107e-01 9.393063829525654107e-01
9.405069130052512438e-01 9.405069130052512438e-01 9.405069130052512438e-01
9.415741030734887662e-01 9.415741030734887662e-01 9.415741030734887662e-01
9.425224570203460939e-01 9.425224570203460939e-01 9.425224570203460939e-01
9.433649662618175391e-01 9.433649662618175391e-01 9.433649662618175391e-01
9.441132534618840166e-01 9.441132534618840166e-01 9.441132534618840166e-01
9.447777056712782784e-01 9.447777056712782784e-01 9.447777056712782784e-01
9.453675969502879362e-01 9.453675969502879362e-01 9.453675969502879362e-01
9.458912007369285613e-01 9.458912007369285613e-01 9.458912007369285613e-01
9.463558923760233554e-01 9.463558923760233554e-01 9.463558923760233554e-01
9.467682423267360647e-01 9.467682423267360647e-01 9.467682423267360647e-01
9.471341006279049290e-01 9.471341006279049290e-01 9.471341006279049290e-01
9.474586732318357463e-01 9.474586732318357463e-01 9.474586732318357463e-01
9.477465908258355665e-01 9.477465908258355665e-01 9.477465908258355665e-01
9.480019707528786199e-01 9.480019707528786199e-01 9.480019707528786199e-01
9.482284726232492744e-01 9.482284726232492744e-01 9.482284726232492744e-01
9.484293481815755378e-01 9.484293481815755378e-01 9.484293481815755378e-01
9.486074859612291243e-01 9.486074859612291243e-01 9.486074859612291243e-01
9.487654512228177461e-01 9.487654512228177461e-01 9.487654512228177461e-01
9.489055216370525514e-01 9.489055216370525514e-01 9.489055216370525514e-01
9.490297191358316731e-01 9.490297191358316731e-01 9.490297191358316731e-01
9.491398383197796607e-01 9.491398383197796607e-01 9.491398383197796607e-01
9.492374717763056857e-01 9.492374717763056857e-01 9.492374717763056857e-01
9.493240326298724163e-01 9.493240326298724163e-01 9.493240326298724163e-01
9.494007746158195093e-01 9.494007746158195093e-01 9.494007746158195093e-01
9.494688099408881143e-01 9.494688099408881143e-01 9.494688099408881143e-01
9.495291251675561650e-01 9.495291251675561650e-01 9.495291251675561650e-01
9.495825953354076754e-01 9.495825953354076754e-01 9.495825953354076754e-01
9.496299965109341601e-01 9.496299965109341601e-01 9.496299965109341601e-01
9.496720169373191744e-01 9.496720169373191744e-01 9.496720169373191744e-01
9.497092669377520391e-01 9.497092669377520391e-01 9.497092669377520391e-01
9.497422877095544891e-01 9.497422877095544891e-01 9.497422877095544891e-01
9.497715591317230643e-01 9.497715591317230643e-01 9.497715591317230643e-01
9.497975066952972778e-01 9.497975066952972778e-01 9.497975066952972778e-01
9.498205076541001990e-01 9.498205076541001990e-01 9.498205076541001990e-01
9.498408964827687040e-01 9.498408964827687040e-01 9.498408964827687040e-01
9.498589697194695924e-01 9.498589697194695924e-01 9.498589697194695924e-01
9.498749902621848040e-01 9.498749902621848040e-01 9.498749902621848040e-01
9.498891911798399423e-01 9.498891911798399423e-01 9.498891911798399423e-01
9.499017790927632987e-01 9.499017790927632987e-01 9.499017790927632987e-01
9.499129371709077452e-01 9.499129371709077452e-01 9.499129371709077452e-01
9.499228277928686293e-01 9.499228277928686293e-01 9.499228277928686293e-01
9.499315949039321971e-01 9.499315949039321971e-01 9.499315949039321971e-01
9.499393661071018347e-01 9.499393661071018347e-01 9.499393661071018347e-01
9.499462545172543404e-01 9.499462545172543404e-01 9.499462545172543404e-01
9.499523604051853809e-01 9.499523604051853809e-01 9.499523604051853809e-01
9.499577726552979051e-01 9.499577726552979051e-01 9.499577726552979051e-01
9.499625700580172083e-01 9.499625700580172083e-01 9.499625700580172083e-01
9.499668224556343521e-01 9.499668224556343521e-01 9.499668224556343521e-01
9.499705917581736658e-01 9.499705917581736658e-01 9.499705917581736658e-01
9.499739328440096608e-01 9.499739328440096608e-01 9.499739328440096608e-01
9.499768943582884706e-01 9.499768943582884706e-01 9.499768943582884706e-01
9.499795194207392157e-01 9.499795194207392157e-01 9.499795194207392157e-01
9.499818462531481877e-01 9.499818462531481877e-01 9.499818462531481877e-01
9.499839087356045653e-01 9.499839087356045653e-01 9.499839087356045653e-01
9.499857368995989759e-01 9.499857368995989759e-01 9.499857368995989759e-01
9.499873573651373970e-01 9.499873573651373970e-01 9.499873573651373970e-01
9.499887937282223138e-01 9.499887937282223138e-01 9.499887937282223138e-01
9.499900669043357393e-01 9.499900669043357393e-01 9.499900669043357393e-01
9.499911954329154362e-01 9.499911954329154362e-01 9.499911954329154362e-01
9.499921957472532430e-01 9.499921957472532430e-01 9.499921957472532430e-01
9.499930824137405860e-01 9.499930824137405860e-01 9.499930824137405860e-01
9.499938683439423937e-01 9.499938683439423937e-01 9.499938683439423937e-01
9.499945649825817240e-01 9.499945649825817240e-01 9.499945649825817240e-01
9.499951824741739159e-01 9.499951824741739159e-01 9.499951824741739159e-01
9.499957298107321035e-01 9.499957298107321035e-01 9.499957298107321035e-01
9.499962149626957064e-01 9.499962149626957064e-01 9.499962149626957064e-01
9.499966449949852620e-01 9.499966449949852620e-01 9.499966449949852620e-01
9.499970261698744700e-01 9.499970261698744700e-01 9.499970261698744700e-01
9.499973640381764728e-01 9.499973640381764728e-01 9.499973640381764728e-01
9.499976635200706454e-01 9.499976635200706454e-01 9.499976635200706454e-01
9.499979289767479518e-01 9.499979289767479518e-01 9.499979289767479518e-01
9.499981642739169230e-01 9.499981642739169230e-01 9.499981642739169230e-01
9.499983728380952952e-01 9.499983728380952952e-01 9.499983728380952952e-01
9.499985577065064302e-01 9.499985577065064302e-01 9.499985577065064302e-01
9.499987215713070476e-01 9.499987215713070476e-01 9.499987215713070476e-01
9.499988668187908658e-01 9.499988668187908658e-01 9.499988668187908658e-01
9.499989955641380268e-01 9.499989955641380268e-01 9.499989955641380268e-01
9.499991096822164582e-01 9.499991096822164582e-01 9.499991096822164582e-01
9.499992108348848108e-01 9.499992108348848108e-01 9.499992108348848108e-01
9.499993004951921005e-01 9.499993004951921005e-01 9.499993004951921005e-01
9.499993799688295493e-01 9.499993799688295493e-01 9.499993799688295493e-01
9.499994504131441531e-01 9.499994504131441531e-01 9.499994504131441531e-01
9.499995128539928668e-01 9.499995128539928668e-01 9.499995128539928668e-01
9.499995682006806552e-01 9.499995682006806552e-01 9.499995682006806552e-01
9.499996172592037880e-01 9.499996172592037880e-01 9.499996172592037880e-01
9.499996607439855634e-01 9.499996607439855634e-01 9.499996607439855634e-01
9.499996992882814295e-01 9.499996992882814295e-01 9.499996992882814295e-01
9.499997334533999416e-01 9.499997334533999416e-01 9.499997334533999416e-01
9.499997637368773340e-01 9.499997637368773340e-01 9.499997637368773340e-01
9.499997905797226139e-01 9.499997905797226139e-01 9.499997905797226139e-01
9.499998143728404232e-01 9.499998143728404232e-01 9.499998143728404232e-01
9.499998354627225972e-01 9.499998354627225972e-01 9.499998354627225972e-01
9.499998541564950161e-01 9.499998541564950161e-01 9.499998541564950161e-01
9.499998707263896947e-01 9.499998707263896947e-01 9.499998707263896947e-01
9.499998854137090554e-01 9.499998854137090554e-01 9.499998854137090554e-01
9.499998984323404505e-01 9.499998984323404505e-01 9.499998984323404505e-01
9.499999099718703377e-01 9.499999099718703377e-01 9.499999099718703377e-01
