1.519780985253078587e-01 1.519780985253078587e-01 1.519780985253078587e-01
1.521648568731160389e-01 1.521648568731160389e-01 1.521648568731160389e-01
1.523691953014844613e-01 1.523691953014844613e-01 1.523691953014844613e-01
1.525927583277796318e-01 1.525927583277796318e-01 1.525927583277796318e-01
1.528373422617631539e-01 1.528373422617631539e-01 1.528373422617631539e-01
1.531049088126018587e-01 1.531049088126018587e-01 1.531049088126018587e-01
1.533975998354754067e-01 1.533975998354754067e-01 1.533975998354754067e-01
1.537177532970489535e-01 1.537177532970489535e-01 1.537177532970489535e-01
1.540679205411695785e-01 1.540679205411695785e-01 1.540679205411695785e-01
1.544508849374356951e-01 1.544508849374356951e-01 1.544508849374356951e-01
1.548696819955339143e-01 1.548696819955339143e-01 1.548696819955339143e-01
1.553276210271367641e-01 1.553276210271367641e-01 1.553276210271367641e-01
1.558283084343466962e-01 1.558283084343466962e-01 1.558283084343466962e-01
1.563756726987320378e-01 1.563756726987320378e-01 1.563756726987320378e-01
1.569739911374203878e-01 1.569739911374203878e-01 1.569739911374203878e-01
1.576279184819021073e-01 1.576279184819021073e-01 1.576279184819021073e-01
1.583425173204548453e-01 1.583425173204548453e-01 1.583425173204548453e-01
1.591232904256246750e-01 1.591232904256246750e-01 1.591232904256246750e-01
1.599762149630629127e-01 1.599762149630629127e-01 1.599762149630629127e-01
1.609077785461576759e-01 1.609077785461576759e-01 1.609077785461576759e-01
1.619250170611203354e-01 1.619250170611203354e-01 1.619250170611203354e-01
1.630355541381404150e-01 1.630355541381404150e-01 1.630355541381404150e-01
1.642476420844283802e-01 1.642476420844283802e-01 1.642476420844283802e-01
1.655702040227944871e-01 1.655702040227944871e-01 1.655702040227944871e-01
1.670128768931397056e-01 1.670128768931397056e-01 1.670128768931397056e-01
1.685860548720342633e-01 1.685860548720342633e-01 1.685860548720342633e-01
1.703009326455950379e-01 1.703009326455950379e-01 1.703009326455950379e-01
1.721695478313448047e-01 1.721695478313448047e-01 1.721695478313448047e-01
1.742048216840110242e-01 1.742048216840110242e-01 1.742048216840110242e-01
1.764205970369598364e-01 1.764205970369598364e-01 1.764205970369598364e-01
1.788316722243320500e-01 1.788316722243320500e-01 1.788316722243320500e-01
1.814538294988422562e-01 1.814538294988422562e-01 1.814538294988422562e-01
1.843038562075782760e-01 1.843038562075782760e-01 1.843038562075782760e-01
1.873995567153521891e-01 1.873995567153521891e-01 1.873995567153521891e-01
1.907597527764360867e-01 1.907597527764360867e-01 1.907597527764360867e-01
1.944042697574491774e-01 1.944042697574491774e-01 1.944042697574491774e-01
1.983539058162662183e-01 1.983539058162662183e-01 1.983539058162662183e-01
2.026303808571179310e-01 2.026303808571179310e-01 2.026303808571179310e-01
2.072562618276914126e-01 2.072562618276914126e-01 2.072562618276914126e-01
2.122548607217740191e-01 2.122548607217740191e-01 2.122548607217740191e-01
2.176501015275870143e-01 2.176501015275870143e-01 2.176501015275870143e-01
2.234663523493238824e-01 2.234663523493238824e-01 2.234663523493238824e-01
2.297282190643037403e-01 2.297282190643037403e-01 2.297282190643037403e-01
2.364602972013893356e-01 2.364602972013893356e-01 2.364602972013893356e-01
2.436868792812112439e-01 2.436868792812112439e-01 2.436868792812112439e-01
2.514316156886645115e-01 2.514316156886645115e-01 2.514316156886645115e-01
2.597171282929932601e-01 2.597171282929932601e-01 2.597171282929932601e-01
2.685645775223480247e-01 2.685645775223480247e-01 2.685645775223480247e-01
2.779931854558264637e-01 2.779931854558264637e-01 2.779931854558264637e-01
2.880197197138956167e-01 2.880197197138956167e-01 2.880197197138956167e-01
2.986579454769834330e-01 2.986579454769834330e-01 2.986579454769834330e-01
3.099180557761579968e-01 3.099180557761579968e-01 3.099180557761579968e-01
3.218060931723875084e-01 3.218060931723875084e-01 3.218060931723875084e-01
3.343233789205695139e-01 3.343233789205695139e-01 3.343233789205695139e-01
3.474659685057099878e-01 3.474659685057099878e-01 3.474659685057099878e-01
3.612241548069449193e-01 3.612241548069449193e-01 3.612241548069449193e-01
3.755820418294381069e-01 3.755820418294381069e-01 3.755820418294381069e-01
3.905172126757170403e-01 3.905172126757170403e-01 3.905172126757170403e-01
4.060005149559444693e-01 4.060005149559444693e-01 4.060005149559444693e-01
4.219959849590344536e-01 4.219959849590344536e-01 4.219959849590344536e-01
4.384609285033711501e-01 4.384609285033711501e-01 4.384609285033711501e-01
4.553461714498410196e-01 4.553461714498410196e-01 4.553461714498410196e-01
4.725964865199969722e-01 4.725964865199969722e-01 4.725964865199969722e-01
4.901511955948871235e-01 4.901511955948871235e-01 4.901511955948871235e-01
5.079449384935508238e-01 5.079449384935508238e-01 5.079449384935508238e-01
5.259085908791579778e-01 5.259085908791579778e-01 5.259085908791579778e-01
5.439703060227739639e-01 5.439703060227739639e-01 5.439703060227739639e-01
5.620566482914066686e-01 5.620566482914066686e-01 5.620566482914066686e-01
5.800937809873231155e-01 5.800937809873231155e-01 5.800937809873231155e-01
5.980086680007006272e-01 5.980086680007006272e-01 5.980086680007006272e-01
6.157302479263607742e-01 6.157302479263607742e-01 6.157302479263607742e-01
6.331905409098614879e-01 6.331905409098614879e-01 6.331905409098614879e-01
6.503256523851499438e-01 6.503256523851499438e-01 6.503256523851499438e-01
6.670766437040739349e-01 6.670766437040739349e-01 6.670766437040739349e-01
6.833902469401467172e-01 6.833902469401467172e-01 6.833902469401467172e-01
6.992194092810116723e-01 6.992194092810116723e-01 6.992194092810116723e-01
7.145236607819059893e-01 7.145236607819059893e-01 7.145236607819059893e-01
7.292693072469309534e-01 7.292693072469309534e-01 7.292693072469309534e-01
7.434294571362113357e-01 7.434294571362113357e-01 7.434294571362113357e-01
7.569838972923540465e-01 7.569838972923540465e-01 7.569838972923540465e-01
7.699188367119248477e-01 7.699188367119248477e-01 7.699188367119248477e-01
7.822265404753414586e-01 7.822265404753414586e-01 7.822265404753414586e-01
7.939048773395978031e-01 7.939048773395978031e-01 7.939048773395978031e-01
8.049568045435804287e-01 8.049568045435804287e-01 8.049568045435804287e-01
8.153898122972520479e-01 8.153898122972520479e-01 8.153898122972520479e-01
8.252153484836917130e-01 8.252153484836917130e-01 8.252153484836917130e-01
8.344482415656893082e-01 8.344482415656893082e-01 8.344482415656893082e-01
8.431061368102613640e-01 8.431061368102613640e-01 8.431061368102613640e-01
8.512089579475249357e-01 8.512089579475249357e-01 8.512089579475249357e-01
8.587784034460299587e-01 8.587784034460299587e-01 8.587784034460299587e-01
8.658374838511948557e-01 8.658374838511948557e-01 8.658374838511948557e-01
8.724101041894962716e-01 8.724101041894962716e-01 8.724101041894962716e-01
8.785206933418761022e-01 8.785206933418761022e-01 8.785206933418761022e-01
8.841938805560785042e-01 8.841938805560785042e-01 8.841938805560785042e-01
8.894542178944374600e-01 8.894542178944374600e-01 8.894542178944374600e-01
8.943259463777963880e-01 8.943259463777963880e-01 8.943259463777963880e-01
8.988328028526921809e-01 8.988328028526921809e-01 8.988328028526921809e-01
9.029978641361320335e-01 9.029978641361320335e-01 9.029978641361320335e-01
9.068434247365677603e-01 9.068434247365677603e-01 9.068434247365677603e-01
9.103909043683113822e-01 9.103909043683113822e-01 9.103909043683113822e-01
9.136607815300411550e-01 9.136607815300411550e-01 9.136607815300411550e-01
9.166725495710297267e-01 9.166725495710297267e-01 9.166725495710297267e-01
9.194446918910741395e-01 9.194446918910741395e-01 9.194446918910741395e-01
9.219946731867676437e-01 9.219946731867676437e-01 9.219946731867676437e-01
9.243389439475321323e-01 9.243389439475321323e-01 9.243389439475321323e-01
9.264929557040587627e-01 9.264929557040587627e-01 9.264929557040587627e-01
9.284711848276415713e-01 9.284711848276415713e-01 9.284711848276415713e-01
9.302871629629094752e-01 9.302871629629094752e-01 9.302871629629094752e-01
9.319535124428912631e-01 9.319535124428912631e-01 9.319535124428912631e-01
9.334819852806526264e-01 9.334819852806526264e-01 9.334819852806526264e-01
9.348835045540673239e-01 9.348835045540673239e-01 9.348835045540673239e-01
9.361682071990755638e-01 9.361682071990755638e-01 9.361682071990755638e-01
9.373454874024071959e-01 9.373454874024071959e-01 9.373454874024071959e-01
9.384240399382429709e-01 9.384240399382429709e-01 9.384240399382429709e-01
9.394119029260972198e-01 9.394119029260972198e-01 9.394119029260972198e-01
9.403164996010513477e-01 9.403164996010513477e-01 9.403164996010513477e-01
9.411446787841459827e-01 9.411446787841459827e-01 9.411446787841459827e-01
9.419027538221204088e-01 9.419027538221204088e-01 9.419027538221204088e-01
9.425965398335396372e-01 9.425965398335396372e-01 9.425965398335396372e-01
9.432313891543904205e-01 9.432313891543904205e-01 9.432313891543904205e-01
9.438122249220262105e-01 9.438122249220262105e-01 9.438122249220262105e-01
9.443435727733391349e-01 9.443435727733391349e-01 9.443435727733391349e-01
9.448295906625265861e-01 9.448295906625265861e-01 9.448295906625265861e-01
9.452740968269619515e-01 9.452740968269619515e-01 9.452740968269619515e-01
9.456805959474776646e-01 9.456805959474776646e-01 9.456805959474776646e-01
9.460523035627170785e-01 9.460523035627170785e-01 9.460523035627170785e-01
9.463921688068763771e-01 9.463921688068763771e-01 9.463921688068763771e-01
9.467028955467942097e-01 9.467028955467942097e-01 9.467028955467942097e-01
9.469869619985252784e-01 9.469869619985252784e-01 9.469869619985252784e-01
9.472466389057296876e-01 9.472466389057296876e-01 9.472466389057296876e-01
9.474840063628227060e-01 9.474840063628227060e-01 9.474840063628227060e-01
9.477009693652077571e-01 9.477009693652077571e-01 9.477009693652077571e-01
9.478992721673331623e-01 9.478992721673331623e-01 9.478992721673331623e-01
9.480805115270027894e-01 9.480805115270027894e-01 9.480805115270027894e-01
9.482461489115341369e-01 9.482461489115341369e-01 9.482461489115341369e-01
9.483975217381457323e-01 9.483975217381457323e-01 9.483975217381457323e-01
9.485358537174890525e-01 9.485358537174890525e-01 9.485358537174890525e-01
9.486622643656392739e-01 9.486622643656392739e-01 9.486622643656392739e-01
9.487777777461900985e-01 9.487777777461900985e-01 9.487777777461900985e-01
9.488833305004260588e-01 9.488833305004260588e-01 9.488833305004260588e-01
9.489797792199312632e-01 9.489797792199312632e-01 9.489797792199312632e-01
9.490679072124668103e-01 9.490679072124668103e-01 9.490679072124668103e-01
9.491484307085280570e-01 9.491484307085280570e-01 9.491484307085280570e-01
9.492220045527268724e-01 9.492220045527268724e-01 9.492220045527268724e-01
9.492892274210080750e-01 9.492892274210080750e-01 9.492892274210080750e-01
9.493506466017486156e-01 9.493506466017486156e-01 9.493506466017486156e-01
9.494067623759745445e-01 9.494067623759745445e-01 9.494067623759745445e-01
9.494580320292986819e-01 9.494580320292986819e-01 9.494580320292986819e-01
9.495048735256910177e-01 9.495048735256910177e-01 9.495048735256910177e-01
9.495476688708853752e-01 9.495476688708853752e-01 9.495476688708853752e-01
9.495867671910471763e-01 9.495867671910471763e-01 9.495867671910471763e-01
9.496224875503215257e-01 9.496224875503215257e-01 9.496224875503215257e-01
9.496551215289945613e-01 9.496551215289945613e-01 9.496551215289945613e-01
9.496849355822674088e-01 9.496849355822674088e-01 9.496849355822674088e-01
9.497121731980244785e-01 9.497121731980244785e-01 9.497121731980244785e-01
9.497370568704879279e-01 9.497370568704879279e-01 9.497370568704879279e-01
9.497597899052678816e-01 9.497597899052678816e-01 9.497597899052678816e-01
9.497805580700486860e-01 9.497805580700486860e-01 9.497805580700486860e-01
9.497995311039693078e-01 9.497995311039693078e-01 9.497995311039693078e-01
9.498168640976847321e-01 9.498168640976847321e-01 9.498168640976847321e-01
9.498326987550850253e-01 9.498326987550850253e-01 9.498326987550850253e-01
9.498471645467463365e-01 9.498471645467463365e-01 9.498471645467463365e-01
9.498603797643319080e-01 9.498603797643319080e-01 9.498603797643319080e-01
9.498724524843957795e-01 9.498724524843957795e-01 9.498724524843957795e-01
9.498834814493259948e-01 9.498834814493259948e-01 9.498834814493259948e-01
9.498935568725126455e-01 9.498935568725126455e-01 9.498935568725126455e-01
9.499027611742245636e-01 9.499027611742245636e-01 9.499027611742245636e-01
9.499111696541326921e-01 9.499111696541326921e-01 9.499111696541326921e-01
9.499188511059104556e-01 9.499188511059104556e-01 9.499188511059104556e-01
9.499258683788809332e-01 9.499258683788809332e-01 9.499258683788809332e-01
9.499322788912585303e-01 9.499322788912585303e-01 9.499322788912585303e-01
9.499381350991417117e-01 9.499381350991417117e-01 9.499381350991417117e-01
9.499434849250643076e-01 9.499434849250643076e-01 9.499434849250643076e-01
9.499483721495789457e-01 9.499483721495789457e-01 9.499483721495789457e-01
9.499528367690583952e-01 9.499528367690583952e-01 9.499528367690583952e-01
9.499569153226186113e-01 9.499569153226186113e-01 9.499569153226186113e-01
9.499606411908270154e-01 9.499606411908270154e-01 9.499606411908270154e-01
9.499640448686232919e-01 9.499640448686232919e-01 9.499640448686232919e-01
9.499671542146777004e-01 9.499671542146777004e-01 9.499671542146777004e-01
9.499699946792152794e-01 9.499699946792152794e-01 9.499699946792152794e-01
9.499725895121673425e-01 9.499725895121673425e-01 9.499725895121673425e-01
9.499749599533408029e-01 9.499749599533408029e-01 9.499749599533408029e-01
9.499771254061638581e-01 9.499771254061638581e-01 9.499771254061638581e-01
9.499791035964189057e-01 9.499791035964189057e-01 9.499791035964189057e-01
9.499809107172623168e-01 9.499809107172623168e-01 9.499809107172623168e-01
9.499825615617139007e-01 9.499825615617139007e-01 9.499825615617139007e-01
9.499840696436966381e-01 9.499840696436966381e-01 9.499840696436966381e-01
9.499854473086168927e-01 9.499854473086168927e-01 9.499854473086168927e-01
9.499867058343882675e-01 9.499867058343882675e-01 9.499867058343882675e-01
9.499878555237231126e-01 9.499878555237231126e-01 9.499878555237231126e-01
9.499889057884475241e-01 9.499889057884475241e-01 9.499889057884475241e-01
9.499898652265283960e-01 9.499898652265283960e-01 9.499898652265283960e-01
9.499907416924420200e-01 9.499907416924420200e-01 9.499907416924420200e-01
9.499915423614591070e-01 9.499915423614591070e-01 9.499915423614591070e-01
9.499922737883732538e-01 9.499922737883732538e-01 9.499922737883732538e-01
9.499929419611524706e-01 9.499929419611524706e-01 9.499929419611524706e-01
9.499935523499507539e-01 9.499935523499507539e-01 9.499935523499507539e-01
9.499941099518843801e-01 9.499941099518843801e-01 9.499941099518843801e-01
9.499946193319350751e-01 9.499946193319350751e-01 9.499946193319350751e-01
9.499950846603182342e-01 9.499950846603182342e-01 9.499950846603182342e-01
