6.999999991755385953e-02 6.999999991755385953e-02 6.999999991755385953e-02
6.999999988279739793e-02 6.999999988279739793e-02 6.999999988279739793e-02
6.999999983338880960e-02 6.999999983338880960e-02 6.999999983338880960e-02
6.999999976315127159e-02 6.999999976315127159e-02 6.999999976315127159e-02
6.999999966330400225e-02 6.999999966330400225e-02 6.999999966330400225e-02
6.999999952136454207e-02 6.999999952136454207e-02 6.999999952136454207e-02
6.999999931958832133e-02 6.999999931958832133e-02 6.999999931958832133e-02
6.999999903275017088e-02 6.999999903275017088e-02 6.999999903275017088e-02
6.999999862499092784e-02 6.999999862499092784e-02 6.999999862499092784e-02
6.999999804533443837e-02 6.999999804533443837e-02 6.999999804533443837e-02
6.999999722131475255e-02 6.999999722131475255e-02 6.999999722131475255e-02
6.999999604991678781e-02 6.999999604991678781e-02 6.999999604991678781e-02
6.999999438469783897e-02 6.999999438469783897e-02 6.999999438469783897e-02
6.999999201748013933e-02 6.999999201748013933e-02 6.999999201748013933e-02
6.999998865232537337e-02 6.999998865232537337e-02 6.999998865232537337e-02
6.999998386853813204e-02 6.999998386853813204e-02 6.999998386853813204e-02
6.999997706807276066e-02 6.999997706807276066e-02 6.999997706807276066e-02
6.999996740076915025e-02 6.999996740076915025e-02 6.999996740076915025e-02
6.999995365807101799e-02 6.999995365807101799e-02 6.999995365807101799e-02
6.999993412194045750e-02 6.999993412194045750e-02 6.999993412194045750e-02
6.999990635008229711e-02 6.999990635008229711e-02 6.999990635008229711e-02
6.999986687063067259e-02 6.999986687063067259e-02 6.999986687063067259e-02
6.999981074813478588e-02 6.999981074813478588e-02 6.999981074813478588e-02
6.999973096659675709e-02 6.999973096659675709e-02 6.999973096659675709e-02
6.999961755245519279e-02 6.999961755245519279e-02 6.999961755245519279e-02
6.999945632792084482e-02 6.999945632792084482e-02 6.999945632792084482e-02
6.999922713890721626e-02 6.999922713890721626e-02 6.999922713890721626e-02
6.999890133621192168e-02 6.999890133621192168e-02 6.999890133621192168e-02
6.999843819544558643e-02 6.999843819544558643e-02 6.999843819544558643e-02
6.999777982892793626e-02 6.999777982892793626e-02 6.999777982892793626e-02
6.999684395504254808e-02 6.999684395504254808e-02 6.999684395504254808e-02
6.999551362430697643e-02 6.999551362430697643e-02 6.999551362430697643e-02
6.999362262421979231e-02 6.999362262421979231e-02 6.999362262421979231e-02
6.999093475131651365e-02 6.999093475131651365e-02 6.999093475131651365e-02
6.998711438547772223e-02 6.998711438547772223e-02 6.998711438547772223e-02
6.998168474103366732e-02 6.998168474103366732e-02 6.998168474103366732e-02
6.997396868279082138e-02 6.997396868279082138e-02 6.997396868279082138e-02
6.996300492465011567e-02 6.996300492465011567e-02 6.996300492465011567e-02
6.994742957081723223e-02 6.994742957081723223e-02 6.994742957081723223e-02
6.992530906900215615e-02 6.992530906900215615e-02 6.992530906900215615e-02
6.989390545775338304e-02 6.989390545775338304e-02 6.989390545775338304e-02
6.984934809992626725e-02 6.984934809992626725e-02 6.984934809992626725e-02
6.978617793661047453e-02 6.978617793661047453e-02 6.978617793661047453e-02
6.969672135046350858e-02 6.969672135046350858e-02 6.969672135046350858e-02
6.957024313715866326e-02 6.957024313715866326e-02 6.957024313715866326e-02
6.939182700904564238e-02 6.939182700904564238e-02 6.939182700904564238e-02
6.914094839646398039e-02 6.914094839646398039e-02 6.914094839646398039e-02
6.878975891579945656e-02 6.878975891579945656e-02 6.878975891579945656e-02
6.830123055088961614e-02 6.830123055088961614e-02 6.830123055088961614e-02
6.762756289289675871e-02 6.762756289289675871e-02 6.762756289289675871e-02
6.670969402780392576e-02 6.670969402780392576e-02 6.670969402780392576e-02
6.547937589990596163e-02 6.547937589990596163e-02 6.547937589990596163e-02
6.386588687765917816e-02 6.386588687765917816e-02 6.386588687765917816e-02
6.180946012722107752e-02 6.180946012722107752e-02 6.180946012722107752e-02
5.928181721543600291e-02 5.928181721543600291e-02 5.928181721543600291e-02
5.630984580401347112e-02 5.630984580401347112e-02 5.630984580401347112e-02
5.299244022025563494e-02 5.299244022025563494e-02 5.299244022025563494e-02
4.949759315541299443e-02 4.949759315541299443e-02 4.949759315541299443e-02
4.603317998629659347e-02 4.603317998629659347e-02 4.603317998629659347e-02
4.280002574779721847e-02 4.280002574779721847e-02 4.280002574779721847e-02
3.994822459616590576e-02 3.994822459616590576e-02 3.994822459616590576e-02
3.755530836942203715e-02 3.755530836942203715e-02 3.755530836942203715e-02
3.563014233551302368e-02 3.563014233551302368e-02 3.563014233551302368e-02
3.413303741945229730e-02 3.413303741945229730e-02 3.413303741945229730e-02
3.299928637549572052e-02 3.299928637549572052e-02 3.299928637549572052e-02
3.215782876317160865e-02 3.215782876317160865e-02 3.215782876317160865e-02
3.154260211883640197e-02 3.154260211883640197e-02 3.154260211883640197e-02
3.109769690098966588e-02 3.109769690098966588e-02 3.109769690098966588e-02
3.077851020113972491e-02 3.077851020113972491e-02 3.077851020113972491e-02
3.055082199873747004e-02 3.055082199873747004e-02 3.055082199873747004e-02
3.038906441931414279e-02 3.038906441931414279e-02 3.038906441931414279e-02
3.027447899436696080e-02 3.027447899436696080e-02 3.027447899436696080e-02
3.019347589561214434e-02 3.019347589561214434e-02 3.019347589561214434e-02
3.013629607656089643e-02 3.013629607656089643e-02 3.013629607656089643e-02
3.009597442364986622e-02 3.009597442364986622e-02 3.009597442364986622e-02
3.006756125891956247e-02 3.006756125891956247e-02 3.006756125891956247e-02
3.004754976943267708e-02 3.004754976943267708e-02 3.004754976943267708e-02
3.003346067037862555e-02 3.003346067037862555e-02 3.003346067037862555e-02
3.002354374162219397e-02 3.002354374162219397e-02 3.002354374162219397e-02
3.001656473114687820e-02 3.001656473114687820e-02 3.001656473114687820e-02
3.001165388762273498e-02 3.001165388762273498e-02 3.001165388762273498e-02
3.000819863301351989e-02 3.000819863301351989e-02 3.000819863301351989e-02
3.000576767714674062e-02 3.000576767714674062e-02 3.000576767714674062e-02
3.000405744470448222e-02 3.000405744470448222e-02 3.000405744470448222e-02
3.000285429443573168e-02 3.000285429443573168e-02 3.000285429443573168e-02
3.000200789527587147e-02 3.000200789527587147e-02 3.000200789527587147e-02
3.000141247451190013e-02 3.000141247451190013e-02 3.000141247451190013e-02
3.000099361528648853e-02 3.000099361528648853e-02 3.000099361528648853e-02
3.000069896360140279e-02 3.000069896360140279e-02 3.000069896360140279e-02
3.000049168833802959e-02 3.000049168833802959e-02 3.000049168833802959e-02
3.000034587931297431e-02 3.000034587931297431e-02 3.000034587931297431e-02
3.000024330934978473e-02 3.000024330934978473e-02 3.000024330934978473e-02
3.000017115621679206e-02 3.000017115621679206e-02 3.000017115621679206e-02
3.000012039995545582e-02 3.000012039995545582e-02 3.000012039995545582e-02
3.000008469539751713e-02 3.000008469539751713e-02 3.000008469539751713e-02
3.000005957899597869e-02 3.000005957899597869e-02 3.000005957899597869e-02
3.000004191085000119e-02 3.000004191085000119e-02 3.000004191085000119e-02
3.000002948218728413e-02 3.000002948218728413e-02 3.000002948218728413e-02
3.000002073924262769e-02 3.000002073924262769e-02 3.000002073924262769e-02
3.000001458901786419e-02 3.000001458901786419e-02 3.000001458901786419e-02
3.000001026264248472e-02 3.000001026264248472e-02 3.000001026264248472e-02
3.000000721925412742e-02 3.000000721925412742e-02 3.000000721925412742e-02
3.000000507838298386e-02 3.000000507838298386e-02 3.000000507838298386e-02
3.000000357238751664e-02 3.000000357238751664e-02 3.000000357238751664e-02
3.000000251299527257e-02 3.000000251299527257e-02 3.000000251299527257e-02
3.000000176776600191e-02 3.000000176776600191e-02 3.000000176776600191e-02
3.000000124353461792e-02 3.000000124353461792e-02 3.000000124353461792e-02
3.000000087476415930e-02 3.000000087476415930e-02 3.000000087476415930e-02
3.000000061535265661e-02 3.000000061535265661e-02 3.000000061535265661e-02
3.000000043286969384e-02 3.000000043286969384e-02 3.000000043286969384e-02
3.000000030450208910e-02 3.000000030450208910e-02 3.000000030450208910e-02
3.000000021420192939e-02 3.000000021420192939e-02 3.000000021420192939e-02
3.000000015068030046e-02 3.000000015068030046e-02 3.000000015068030046e-02
3.000000010599602682e-02 3.000000010599602682e-02 3.000000010599602682e-02
3.000000007456287907e-02 3.000000007456287907e-02 3.000000007456287907e-02
3.000000005245124363e-02 3.000000005245124363e-02 3.000000005245124363e-02
3.000000003689681782e-02 3.000000003689681782e-02 3.000000003689681782e-02
3.000000002595505991e-02 3.000000002595505991e-02 3.000000002595505991e-02
3.000000001825807797e-02 3.000000001825807797e-02 3.000000001825807797e-02
3.000000001284364518e-02 3.000000001284364518e-02 3.000000001284364518e-02
3.000000000903485856e-02 3.000000000903485856e-02 3.000000000903485856e-02
3.000000000635557121e-02 3.000000000635557121e-02 3.000000000635557121e-02
3.000000000447082538e-02 3.000000000447082538e-02 3.000000000447082538e-02
3.000000000314500051e-02 3.000000000314500051e-02 3.000000000314500051e-02
3.000000000221235072e-02 3.000000000221235072e-02 3.000000000221235072e-02
3.000000000155627830e-02 3.000000000155627830e-02 3.000000000155627830e-02
3.000000000109476553e-02 3.000000000109476553e-02 3.000000000109476553e-02
3.000000000077011203e-02 3.000000000077011203e-02 3.000000000077011203e-02
3.000000000054173568e-02 3.000000000054173568e-02 3.000000000054173568e-02
3.000000000038108294e-02 3.000000000038108294e-02 3.000000000038108294e-02
3.000000000026807612e-02 3.000000000026807612e-02 3.000000000026807612e-02
3.000000000018857721e-02 3.000000000018857721e-02 3.000000000018857721e-02
3.000000000013265666e-02 3.000000000013265666e-02 3.000000000013265666e-02
3.000000000009331660e-02 3.000000000009331660e-02 3.000000000009331660e-02
3.000000000006564430e-02 3.000000000006564430e-02 3.000000000006564430e-02
3.000000000004617723e-02 3.000000000004617723e-02 3.000000000004617723e-02
3.000000000003248679e-02 3.000000000003248679e-02 3.000000000003248679e-02
3.000000000002285214e-02 3.000000000002285214e-02 3.000000000002285214e-02
3.000000000001607631e-02 3.000000000001607631e-02 3.000000000001607631e-02
3.000000000001130929e-02 3.000000000001130929e-02 3.000000000001130929e-02
3.000000000000795433e-02 3.000000000000795433e-02 3.000000000000795433e-02
3.000000000000559858e-02 3.000000000000559858e-02 3.000000000000559858e-02
3.000000000000394018e-02 3.000000000000394018e-02 3.000000000000394018e-02
3.000000000000277098e-02 3.000000000000277098e-02 3.000000000000277098e-02
3.000000000000194872e-02 3.000000000000194872e-02 3.000000000000194872e-02
3.000000000000137279e-02 3.000000000000137279e-02 3.000000000000137279e-02
3.000000000000096687e-02 3.000000000000096687e-02 3.000000000000096687e-02
3.000000000000067890e-02 3.000000000000067890e-02 3.000000000000067890e-02
3.000000000000048114e-02 3.000000000000048114e-02 3.000000000000048114e-02
3.000000000000033890e-02 3.000000000000033890e-02 3.000000000000033890e-02
3.000000000000023828e-02 3.000000000000023828e-02 3.000000000000023828e-02
3.000000000000016889e-02 3.000000000000016889e-02 3.000000000000016889e-02
3.000000000000012032e-02 3.000000000000012032e-02 3.000000000000012032e-02
3.000000000000008563e-02 3.000000000000008563e-02 3.000000000000008563e-02
3.000000000000006134e-02 3.000000000000006134e-02 3.000000000000006134e-02
3.000000000000004399e-02 3.000000000000004399e-02 3.000000000000004399e-02
3.000000000000003011e-02 3.000000000000003011e-02 3.000000000000003011e-02
3.000000000000002318e-02 3.000000000000002318e-02 3.000000000000002318e-02
3.000000000000001624e-02 3.000000000000001624e-02 3.000000000000001624e-02
3.000000000000001277e-02 3.000000000000001277e-02 3.000000000000001277e-02
3.000000000000000930e-02 3.000000000000000930e-02 3.000000000000000930e-02
3.000000000000000583e-02 3.000000000000000583e-02 3.000000000000000583e-02
3.000000000000000583e-02 3.000000000000000583e-02 3.000000000000000583e-02
3.000000000000000583e-02 3.000000000000000583e-02 3.000000000000000583e-02
3.000000000000000583e-02 3.000000000000000583e-02 3.000000000000000583e-02
3.000000000000000583e-02 3.000000000000000583e-02 3.000000000000000583e-02
3.000000000000000236e-02 3.000000000000000236e-02 3.000000000000000236e-02
3.000000000000000236e-02 3.000000000000000236e-02 3.000000000000000236e-02
3.000000000000000236e-02 3.000000000000000236e-02 3.000000000000000236e-02
3.000000000000000236e-02 3.000000000000000236e-02 3.000000000000000236e-02
3.000000000000000236e-02 3.000000000000000236e-02 3.000000000000000236e-02
3.000000000000000236e-02 3.000000000000000236e-02 3.000000000000000236e-02
3.000000000000000236e-02 3.000000000000000236e-02 3.000000000000000236e-02
3.000000000000000236e-02 3.000000000000000236e-02 3.000000000000000236e-02
3.000000000000000236e-02 3.000000000000000236e-02 3.000000000000000236e-02
3.000000000000000236e-02 3.000000000000000236e-02 3.000000000000000236e-02
3.000000000000000236e-02 3.000000000000000236e-02 3.000000000000000236e-02
3.000000000000000236e-02 3.000000000000000236e-02 3.000000000000000236e-02
3.000000000000000236e-02 3.000000000000000236e-02 3.000000000000000236e-02
3.000000000000000236e-02 3.000000000000000236e-02 3.000000000000000236e-02
3.000000000000000236e-02 3.000000000000000236e-02 3.000000000000000236e-02
3.000000000000000236e-02 3.000000000000000236e-02 3.000000000000000236e-02
3.000000000000000236e-02 3.000000000000000236e-02 3.000000000000000236e-02
3.000000000000000236e-02 3.000000000000000236e-02 3.000000000000000236e-02
3.000000000000000236e-02 3.000000000000000236e-02 3.000000000000000236e-02
3.000000000000000236e-02 3.000000000000000236e-02 3.000000000000000236e-02
3.000000000000000236e-02 3.000000000000000236e-02 3.000000000000000236e-02
3.000000000000000236e-02 3.000000000000000236e-02 3.000000000000000236e-02
3.000000000000000236e-02 3.000000000000000236e-02 3.000000000000000236e-02
3.000000000000000236e-02 3.000000000000000236e-02 3.000000000000000236e-02
3.000000000000000236e-02 3.000000000000000236e-02 3.000000000000000236e-02
3.000000000000000236e-02 3.000000000000000236e-02 3.000000000000000236e-02
3.000000000000000236e-02 3.000000000000000236e-02 3.000000000000000236e-02
3.000000000000000236e-02 3.000000000000000236e-02 3.000000000000000236e-02
3.000000000000000236e-02 3.000000000000000236e-02 3.000000000000000236e-02
3.000000000000000236e-02 3.000000000000000236e-02 3.000000000000000236e-02
3.000000000000000236e-02 3.000000000000000236e-02 3.000000000000000236e-02
3.000000000000000236e-02 3.000000000000000236e-02 3.000000000000000236e-02
3.000000000000000236e-02 3.000000000000000236e-02 3.000000000000000236e-02
3.000000000000000236e-02 3.000000000000000236e-02 3.000000000000000236e-02
