1.693037019743105054e+00
0.000000000000000000e+00
1.692676525570106616e+00
0.000000000000000000e+00
1.692322525455115301e+00
0.000000000000000000e+00
1.691974824198683391e+00
0.000000000000000000e+00
1.691633226601448214e+00
0.000000000000000000e+00
1.691297548790321237e+00
0.000000000000000000e+00
1.690967649560143782e+00
0.000000000000000000e+00
1.690643397751403043e+00
0.000000000000000000e+00
1.690324662204587325e+00
0.000000000000000000e+00
1.690011311760182933e+00
0.000000000000000000e+00
1.689703215258677504e+00
0.000000000000000000e+00
1.689400241540558900e+00
0.000000000000000000e+00
1.689102259446970677e+00
0.000000000000000000e+00
1.688809141440243522e+00
0.000000000000000000e+00
1.688520772089452837e+00
0.000000000000000000e+00
1.688237038490829400e+00
0.000000000000000000e+00
1.687957827740605099e+00
0.000000000000000000e+00
1.687683026935009822e+00
0.000000000000000000e+00
1.687412523170274792e+00
0.000000000000000000e+00
1.687146203542631451e+00
0.000000000000000000e+00
1.686883955165120241e+00
0.000000000000000000e+00
1.686625687458353839e+00
0.000000000000000000e+00
1.686371376126855059e+00
0.000000000000000000e+00
1.686121009130022053e+00
0.000000000000000000e+00
1.685874574427252304e+00
0.000000000000000000e+00
1.685632059977943964e+00
0.000000000000000000e+00
1.685393453741495406e+00
0.000000000000000000e+00
1.685158743677303450e+00
0.000000000000000000e+00
1.684927917660717256e+00
0.000000000000000000e+00
1.684700918523014401e+00
0.000000000000000000e+00
1.684477569923900520e+00
0.000000000000000000e+00
1.684257676040438190e+00
0.000000000000000000e+00
1.684041041049690657e+00
0.000000000000000000e+00
1.683827469128719834e+00
0.000000000000000000e+00
1.683616764454589187e+00
0.000000000000000000e+00
1.683408731204361741e+00
0.000000000000000000e+00
1.683203173824709964e+00
0.000000000000000000e+00
1.682999971640429804e+00
0.000000000000000000e+00
1.682799180716169962e+00
0.000000000000000000e+00
1.682600882606052783e+00
0.000000000000000000e+00
1.682405158864199501e+00
0.000000000000000000e+00
1.682212091044732016e+00
0.000000000000000000e+00
1.682021760701772006e+00
0.000000000000000000e+00
1.681834249389441371e+00
0.000000000000000000e+00
1.681649638285724668e+00
0.000000000000000000e+00
1.681467945929027819e+00
0.000000000000000000e+00
1.681289058689166449e+00
0.000000000000000000e+00
1.681112846172590825e+00
0.000000000000000000e+00
1.680939177985750987e+00
0.000000000000000000e+00
1.680767923735098313e+00
0.000000000000000000e+00
1.680598953027082176e+00
0.000000000000000000e+00
1.680432135468153509e+00
0.000000000000000000e+00
1.680267340941764553e+00
0.000000000000000000e+00
1.680104469749776896e+00
0.000000000000000000e+00
1.679943479673684070e+00
0.000000000000000000e+00
1.679784334881410546e+00
0.000000000000000000e+00
1.679626999540879240e+00
0.000000000000000000e+00
1.679471437820014179e+00
0.000000000000000000e+00
1.679317613886739613e+00
0.000000000000000000e+00
1.679165491908978680e+00
0.000000000000000000e+00
1.679015036376980685e+00
0.000000000000000000e+00
1.678866236719426253e+00
0.000000000000000000e+00
1.678719124637367388e+00
0.000000000000000000e+00
1.678573735926582877e+00
0.000000000000000000e+00
1.678430106382849951e+00
0.000000000000000000e+00
1.678288271801947174e+00
0.000000000000000000e+00
1.678148267979652886e+00
0.000000000000000000e+00
1.678010130711744541e+00
0.000000000000000000e+00
1.677873894856293679e+00
0.000000000000000000e+00
1.677739541617845331e+00
0.000000000000000000e+00
1.677606970504387007e+00
0.000000000000000000e+00
1.677476074164881981e+00
0.000000000000000000e+00
1.677346745248293747e+00
0.000000000000000000e+00
1.677218876403586689e+00
0.000000000000000000e+00
1.677092360279724748e+00
0.000000000000000000e+00
1.676967089525671195e+00
0.000000000000000000e+00
1.676842958107961579e+00
0.000000000000000000e+00
1.676719917827361517e+00
0.000000000000000000e+00
1.676597999680459194e+00
0.000000000000000000e+00
1.676477240386506251e+00
0.000000000000000000e+00
1.676357676664754992e+00
0.000000000000000000e+00
1.676239345234456835e+00
0.000000000000000000e+00
1.676122282814864084e+00
0.000000000000000000e+00
1.676006526125228158e+00
0.000000000000000000e+00
1.675892110943324687e+00
0.000000000000000000e+00
1.675779040427495259e+00
0.000000000000000000e+00
1.675667277531161847e+00
0.000000000000000000e+00
1.675556782728352845e+00
0.000000000000000000e+00
1.675447516493097311e+00
0.000000000000000000e+00
1.675339439299423416e+00
0.000000000000000000e+00
1.675232511621360665e+00
0.000000000000000000e+00
1.675126693932937227e+00
0.000000000000000000e+00
1.675021947388684040e+00
0.000000000000000000e+00
1.674918252178880129e+00
0.000000000000000000e+00
1.674815609624248358e+00
0.000000000000000000e+00
1.674714022146384318e+00
0.000000000000000000e+00
1.674613492166881823e+00
0.000000000000000000e+00
1.674514022107336464e+00
0.000000000000000000e+00
1.674415614389342499e+00
0.000000000000000000e+00
1.674318271434495298e+00
0.000000000000000000e+00
1.674221993757200933e+00
0.000000000000000000e+00
1.674126738006533666e+00
0.000000000000000000e+00
1.674032416966235948e+00
0.000000000000000000e+00
1.673938941512861156e+00
0.000000000000000000e+00
1.673846222522962890e+00
0.000000000000000000e+00
1.673754170873095415e+00
0.000000000000000000e+00
1.673662697439812108e+00
0.000000000000000000e+00
1.673571713099666791e+00
0.000000000000000000e+00
1.673481134116307389e+00
0.000000000000000000e+00
1.673390980154775720e+00
0.000000000000000000e+00
1.673301364031165583e+00
0.000000000000000000e+00
1.673212401891591039e+00
0.000000000000000000e+00
1.673124209882165925e+00
0.000000000000000000e+00
1.673036904149003856e+00
0.000000000000000000e+00
1.672950600838218671e+00
0.000000000000000000e+00
1.672865416095924429e+00
0.000000000000000000e+00
1.672781457818865336e+00
0.000000000000000000e+00
1.672698700135063943e+00
0.000000000000000000e+00
1.672617008642041769e+00
0.000000000000000000e+00
1.672536245804865818e+00
0.000000000000000000e+00
1.672456274088603978e+00
0.000000000000000000e+00
1.672376955958323030e+00
0.000000000000000000e+00
1.672298153879090865e+00
0.000000000000000000e+00
1.672219730315974928e+00
0.000000000000000000e+00
1.672141556259806983e+00
0.000000000000000000e+00
1.672063620689288488e+00
0.000000000000000000e+00
1.671985998745972202e+00
0.000000000000000000e+00
1.671908767534359797e+00
0.000000000000000000e+00
1.671832004158952945e+00
0.000000000000000000e+00
1.671755785724253318e+00
0.000000000000000000e+00
1.671680189334763478e+00
0.000000000000000000e+00
1.671605292094984430e+00
0.000000000000000000e+00
1.671531164927078539e+00
0.000000000000000000e+00
1.671457805116495443e+00
0.000000000000000000e+00
1.671385161588395007e+00
0.000000000000000000e+00
1.671313182422741628e+00
0.000000000000000000e+00
1.671241815699498368e+00
0.000000000000000000e+00
1.671171009498628957e+00
0.000000000000000000e+00
1.671100711900096902e+00
0.000000000000000000e+00
1.671030870983866157e+00
0.000000000000000000e+00
1.670961438461848969e+00
0.000000000000000000e+00
1.670892403540806814e+00
0.000000000000000000e+00
1.670823777547447708e+00
0.000000000000000000e+00
1.670755572094377195e+00
0.000000000000000000e+00
1.670687798794201484e+00
0.000000000000000000e+00
1.670620469259525454e+00
0.000000000000000000e+00
1.670553595102955091e+00
0.000000000000000000e+00
1.670487187937095719e+00
0.000000000000000000e+00
1.670421258959672084e+00
0.000000000000000000e+00
1.670355815634361862e+00
0.000000000000000000e+00
1.670290863448774532e+00
0.000000000000000000e+00
1.670226407872523966e+00
0.000000000000000000e+00
1.670162454375223815e+00
0.000000000000000000e+00
1.670099008426489062e+00
0.000000000000000000e+00
1.670036075495932693e+00
0.000000000000000000e+00
1.669973661053169689e+00
0.000000000000000000e+00
1.669911767486335963e+00
0.000000000000000000e+00
1.669850372888053824e+00
0.000000000000000000e+00
1.669789443836403597e+00
0.000000000000000000e+00
1.669728946840323802e+00
0.000000000000000000e+00
1.669668848408752293e+00
0.000000000000000000e+00
1.669609115050627146e+00
0.000000000000000000e+00
1.669549713274886660e+00
0.000000000000000000e+00
1.669490609590469132e+00
0.000000000000000000e+00
1.669431774459864792e+00
0.000000000000000000e+00
1.669373205758856837e+00
0.000000000000000000e+00
1.669314912977221343e+00
0.000000000000000000e+00
1.669256905646554046e+00
0.000000000000000000e+00
1.669199193298450012e+00
0.000000000000000000e+00
1.669141785464504535e+00
0.000000000000000000e+00
1.669084691676312460e+00
0.000000000000000000e+00
1.669027921465469078e+00
0.000000000000000000e+00
1.668971482861744349e+00
0.000000000000000000e+00
1.668915374708533905e+00
0.000000000000000000e+00
1.668859592376997547e+00
0.000000000000000000e+00
1.668804131231816923e+00
0.000000000000000000e+00
1.668748986637673015e+00
0.000000000000000000e+00
1.668694153959247251e+00
0.000000000000000000e+00
1.668639628561220833e+00
0.000000000000000000e+00
1.668585405808274968e+00
0.000000000000000000e+00
1.668531482722958259e+00
0.000000000000000000e+00
1.668477865294857310e+00
0.000000000000000000e+00
1.668424562531378275e+00
0.000000000000000000e+00
1.668371583442200823e+00
0.000000000000000000e+00
1.668318937037004401e+00
0.000000000000000000e+00
1.668266632325469123e+00
0.000000000000000000e+00
1.668214678317274657e+00
0.000000000000000000e+00
1.668163084022101117e+00
0.000000000000000000e+00
1.668111852855218347e+00
0.000000000000000000e+00
1.668060961430965605e+00
0.000000000000000000e+00
1.668010378347396960e+00
0.000000000000000000e+00
1.667960072201112309e+00
0.000000000000000000e+00
1.667910011588710661e+00
0.000000000000000000e+00
1.667860165106791914e+00
0.000000000000000000e+00
1.667810501351955077e+00
0.000000000000000000e+00
1.667760988920800047e+00
0.000000000000000000e+00
1.667711600965967378e+00
0.000000000000000000e+00
1.667662329991453030e+00
0.000000000000000000e+00
1.667613173638102131e+00
0.000000000000000000e+00
1.667564129546799334e+00
0.000000000000000000e+00
