1.968474087826826535e+00
5.958825444507283471e-03
1.965511920876020113e+00
5.810346049498685619e-03
1.962577438305645572e+00
5.668379589684599193e-03
1.959669468438286044e+00
5.532642821134674087e-03
1.956786843478167226e+00
5.402864550016657497e-03
1.953927384127393641e+00
5.278743611633168395e-03
1.951105660607996617e+00
5.160679668590289516e-03
1.948291835054962284e+00
5.047237026724249107e-03
1.945500539100372572e+00
4.938856308673030861e-03
1.942729417554728277e+00
4.835269877956641094e-03
1.939977855334000800e+00
4.736289794913649959e-03
1.937244863905075443e+00
4.641722024839309464e-03
1.934529769509027552e+00
4.551392731302831250e-03
1.931831680558380837e+00
4.465127528564727735e-03
1.929149823244184159e+00
4.382763485416182533e-03
1.926483543463108461e+00
4.304148306912045086e-03
1.923832118885901776e+00
4.229134374548547404e-03
1.921194781865152912e+00
4.157579098419475483e-03
1.918570904501429419e+00
4.089349360618654665e-03
1.915959906867031215e+00
4.024320146021524366e-03
1.913361107401593264e+00
3.962368014268496941e-03
1.910773971050854891e+00
3.903378950553319966e-03
1.908197908487699213e+00
3.847242246732834967e-03
1.905632254182585195e+00
3.793851085078370558e-03
1.903070363016362121e+00
3.742987623826861399e-03
1.900520417208332979e+00
3.694731696199096346e-03
1.897982884629282330e+00
3.649004315454523577e-03
1.895454050362325171e+00
3.605655106721585273e-03
1.892933171375223100e+00
3.564595778044424290e-03
1.890419808461022866e+00
3.525747616951670389e-03
1.887913463637492573e+00
3.489034144610619718e-03
1.885413459898628075e+00
3.454380694244411475e-03
1.882918222008301834e+00
3.421703579083426074e-03
1.880422307134528070e+00
3.390878930843650805e-03
1.877940304165699459e+00
3.362028733808196477e-03
1.875463115721403229e+00
3.334981495411146885e-03
1.872990228105844590e+00
3.309679119410781876e-03
1.870521053011054979e+00
3.286065044862996037e-03
1.868047459993184001e+00
3.264020639685024858e-03
1.865587229815268033e+00
3.243657525188777067e-03
1.863129607823209133e+00
3.224832080393142623e-03
1.860670560368073767e+00
3.207474819331189355e-03
1.858213583094244337e+00
3.191571816904699953e-03
1.855763518447146820e+00
3.177112750718409043e-03
1.853314421083781305e+00
3.164020592105436323e-03
1.850860278140036508e+00
3.152231966151825340e-03
1.848415964319730209e+00
3.141783330316668971e-03
1.845973186756746598e+00
3.132597230307513064e-03
1.843520143208455142e+00
3.124605033722420173e-03
1.841079461303231302e+00
3.117849789710718054e-03
1.838630603245873241e+00
3.112241863465118382e-03
1.836187182683660657e+00
3.107784871059549297e-03
1.833746309056999424e+00
3.104440780349251340e-03
1.831293147551957157e+00
3.102169571451373307e-03
1.828851868489125287e+00
3.100967666539205386e-03
1.826398777191154288e+00
3.100796865531159612e-03
1.823955814884287818e+00
3.101636211135315457e-03
1.821502041553181073e+00
3.103468992715268347e-03
1.819054715391272170e+00
3.106260589276235457e-03
1.816595686871905535e+00
3.110013135594278007e-03
1.814146456862634205e+00
3.114672093887077119e-03
1.811682342161631487e+00
3.120266223780515831e-03
1.809229683081607032e+00
3.126716366652103514e-03
1.806761224517193565e+00
3.134076174263877163e-03
1.804293000983243411e+00
3.142287054711648958e-03
1.801830858583596928e+00
3.151305502666345692e-03
1.799353987187177983e+00
3.161194471488568223e-03
1.796879178681098255e+00
3.171874982537432799e-03
1.794404312205604368e+00
3.183336344389190060e-03
1.791919315607708452e+00
3.195614217955534964e-03
1.789435113119860699e+00
3.208641481698472266e-03
1.786945806382191249e+00
3.222433920759977619e-03
1.784448817687227518e+00
3.236996501662052408e-03
1.781946945338438670e+00
3.252303644037223083e-03
1.779443940980716121e+00
3.268319370975415750e-03
1.776938798911054329e+00
3.285035958063640526e-03
1.774427169393445913e+00
3.302471615138618827e-03
1.771907256755231863e+00
3.320631972529105962e-03
1.769382445019721750e+00
3.339484682931807662e-03
1.766856184577807687e+00
3.358992736301392133e-03
1.764326391830304930e+00
3.379160697587881967e-03
1.761788636977200229e+00
3.400015702786821515e-03
1.759241947015004692e+00
3.421560959387417739e-03
1.756691118621793057e+00
3.443748701211149423e-03
1.754134501104417154e+00
3.466584268140736596e-03
1.751570378173717524e+00
3.490077509812887068e-03
1.749005165608702006e+00
3.514161358602244274e-03
1.746426415577736035e+00
3.538946530199961037e-03
1.743846023455371208e+00
3.564314052391657703e-03
1.741257176544869889e+00
3.590323613689900845e-03
1.738661191181214427e+00
3.616957866377112484e-03
1.736061761154645167e+00
3.644171906099469629e-03
1.733449720380177084e+00
3.672058253911325305e-03
1.730839058652182461e+00
3.700461164819885979e-03
1.728212026810859836e+00
3.729569856416614995e-03
1.725577212310104080e+00
3.759288031627137060e-03
1.722945679446701295e+00
3.789483651816557500e-03
1.720294688693694285e+00
3.820413867681810884e-03
1.717646671910920908e+00
3.851813777463505839e-03
1.714983302821137423e+00
3.883896798357192384e-03
1.712310551633287492e+00
3.916590470624805795e-03
1.709641764891245197e+00
3.949725527686636858e-03
1.706952355072659078e+00
3.983604127273536293e-03
1.704256046319263973e+00
4.018054334661274457e-03
1.701554394170282647e+00
4.053052530091474752e-03
1.698849024408356057e+00
4.088573678897827572e-03
1.696127558898149923e+00
4.124778694020132981e-03
1.693397639886429218e+00
4.161566058383438065e-03
1.690659028118280949e+00
4.198937013094141898e-03
1.687911262721452310e+00
4.236896796933189123e-03
1.685165850308643298e+00
4.275281559397346720e-03
1.682401768796750074e+00
4.314384375093566551e-03
1.679628199323359050e+00
4.354076349211898241e-03
1.676845159961658061e+00
4.394356398276778181e-03
1.674052963539632177e+00
4.435219289462197928e-03
1.671251374129768985e+00
4.476667621466635244e-03
1.668440390594860379e+00
4.518701077329823936e-03
1.665619899523944625e+00
4.561320685097423021e-03
1.662789841178075267e+00
4.604527259908999456e-03
1.659950314543963357e+00
4.648318851241905331e-03
1.657091017742446493e+00
4.692856856938904843e-03
1.654229528515031911e+00
4.737867509689108400e-03
1.651359518835292750e+00
4.783448941678602323e-03
1.648479674350498136e+00
4.829621811691643674e-03
1.645589583593761951e+00
4.876393143957341407e-03
1.642690472713717043e+00
4.923743291613788195e-03
1.639765672641015470e+00
4.971948659791033780e-03
1.636845677329669568e+00
5.020507411341619194e-03
1.633914826664680353e+00
5.069677253768325662e-03
1.630958540995145922e+00
5.119707545183878328e-03
1.628005990770066358e+00
5.170105732129158006e-03
1.625041954783366327e+00
5.221129599159293928e-03
1.622054922653908493e+00
5.272981987531029542e-03
1.619067262420074815e+00
5.325276132688311174e-03
1.616068856496021944e+00
5.378188234491403617e-03
1.613046942166435516e+00
5.431948065202610483e-03
1.610024953667597236e+00
5.486140971963578659e-03
1.606982664060323085e+00
5.541130568458792205e-03
1.603933945544586459e+00
5.596669750898532018e-03
1.600871612958676860e+00
5.652889840021616853e-03
1.597790705844589043e+00
5.709886907543588845e-03
1.594710339730827098e+00
5.767308534360733249e-03
1.591609652890992876e+00
5.825544518156576014e-03
1.588491425233000687e+00
5.884549220408518029e-03
1.585377371869850283e+00
5.943911516232464401e-03
1.582237125265728794e+00
6.004212326186984632e-03
1.579083023743217851e+00
6.065221863294597247e-03
1.575919906218736122e+00
6.126848883693394344e-03
1.572747500595683690e+00
6.189099905788014895e-03
1.569560654517131670e+00
6.252078826298307877e-03
1.566347177458526252e+00
6.316034354088566512e-03
1.563137260332085887e+00
6.380367636709876299e-03
1.559909140299422514e+00
6.445516110599877439e-03
1.556663957771028173e+00
6.511463165785073490e-03
1.553408332063868746e+00
6.578078117512656080e-03
1.550137078621398379e+00
6.645470233906734803e-03
1.546850031437459139e+00
6.713648941528991936e-03
1.543555206677264202e+00
6.782450759438380002e-03
1.540237012220161850e+00
6.852206880340753863e-03
1.536917550500362273e+00
6.922456224865056705e-03
1.533570387736285623e+00
6.993763052591415660e-03
1.530209774132822664e+00
7.065831494986406745e-03
1.526846264641305462e+00
7.138437674352507943e-03
1.523455117552600102e+00
7.212120554262354578e-03
1.520049054316883641e+00
7.286612112576072199e-03
1.516644443484574278e+00
7.361556484747186838e-03
1.513208494097308954e+00
7.437680345432591718e-03
1.509758568691972336e+00
7.514608478710897189e-03
1.506292848571174403e+00
7.592387279753393114e-03
1.502827070995812919e+00
7.670665499172189816e-03
1.499332255654949986e+00
7.750104128818195541e-03
1.495821885345542501e+00
7.830405611049112702e-03
1.492295693540437229e+00
7.911582368499972193e-03
1.488753863433030400e+00
7.993636743224801292e-03
1.485196086196622023e+00
8.076582409363545351e-03
1.481622360588141118e+00
8.160426238660629591e-03
1.478032629737239034e+00
8.245176161526458769e-03
1.474426599350433076e+00
8.330846756677862119e-03
1.470804072192628986e+00
8.417449596106182236e-03
1.467166022472474962e+00
8.504968361232937563e-03
1.463493995340135800e+00
8.593858747533902193e-03
1.459823106947570226e+00
8.683278200822082057e-03
1.456133484725538718e+00
8.773714992856500305e-03
1.452423024158061571e+00
8.865230349117420722e-03
1.448689098668729303e+00
8.957898725803820419e-03
1.444947926669938987e+00
9.051326424563407164e-03
1.441188326728337188e+00
9.145798674562185746e-03
1.437398336407828658e+00
9.241627857555952119e-03
1.433606143707944813e+00
9.338109919908438306e-03
1.429778602408003474e+00
9.436098511821649701e-03
1.425950020760230030e+00
9.534723999203787576e-03
1.422083084578607437e+00
9.634958727911507870e-03
1.418219412897284482e+00
9.735732799150811911e-03
1.414316365062897818e+00
9.838168675273916211e-03
1.410397202677488027e+00
9.941671597138691807e-03
1.406476018286180629e+00
1.004587373601143439e-02
1.402515218827674826e+00
1.015178682923973882e-02
1.398540807522398843e+00
1.025873088758733585e-02
1.394551278694472929e+00
1.036675440708043940e-02
1.390540559999999815e+00
1.047603260000000598e-02
